16 8
0 0 8 2.0 1.0
 109211.0 0.0002520
 16235.206 0.0019934
 3573.0286 0.0111177
 943.23811 0.0498945
 287.26179 0.1661455 
 99.914226 0.3627018
 38.602137 0.4108787 
 15.531224 0.1457875
0 1 6 8.0 1.0
 281.22171 -0.0057780 0.0081427 
 67.106575 -0.0665855 0.0565570
 21.794135 -0.1203552 0.2039582 
 8.2097646 0.2741310 0.3973328
 3.4178289 0.6463829 0.3946313 
 1.5452225 0.2925792 0.1544345 
0 1 3 6.0 1.0
 4.3752432 -0.1750000 -0.0613439 
 1.8096201 -0.5938952 0.1272251 
 0.6833985 0.8298996 1.2215893 
0 1 1 0.0 1.0
 0.541 1.0 1.0 
0 1 1 0.0 1.0
 0.260 1.0 1.0 
0 1 1 0.0 1.0
 0.091 1.0 1.0
0 3 1 0. 1.
 1.705 1.0
0 3 1 0. 1.
 0.354 1.0