219 <here, the number of valence-basis shells is needed>
INPUT
9. 0 1 2 4 2 0
6.882798725 91.144930956 0
4.726860935 9.674728404 0
4.845267086 20.569141945 0
8.707542696 -2.542646076 0
8.310839526 -3.464046663 0
8.707542696 -2.542646076 0
8.310839526 -3.464046663 0
13.939669153 -16.555281537 0
16.629551418 -36.621153100 0
0 0 4 X 1
180.9008 0.001190
71.21769 -0.000503
29.38428 0.002685
8.699243 0.069043
0 0 1 X 1
3.473304 1.0
0 0 1 X 1
0.814562 1.0
0 0 1 X 1
0.3189150 1.0
0 0 1 X 1
0.07 1.0
0 0 1 X 1
0.03548 1.0
0 0 1 X 1
0.016390 1.0
0 0 1 X 1
0.007570 1.0
0 2 4 X 1
65.91233 0.001316
24.59863 0.002476
9.882281 0.014056
4.116751 -0.067812
0 2 1 X 1
1.556004 1.0
0 2 1 X 1
0.612188 1.0
0 2 1 X 1
0.223053 1.0
0 2 1 X 1
0.08126 1.0
0 2 1 X 1
0.02961 1.0
0 2 1 X 1
0.01079 1.0
0 2 1 X 1
0.00393 1.0
0 3 1 X 1
1.556004 1.0
0 3 1 X 1
0.61219 1.0
0 3 1 X 1
0.22305 1.0
0 3 1 X 1
0.08126 1.0
0 3 1 X 1
.02961 1.0
0 4 1 X 1
0.61219 1.0
0 4 1 X 1
0.22305 1.0
0 4 1 X 1
0.08126 1.0
