220 <here, the number of valence-basis shells is needed>
INPUT
10. 0 2 4 4 2 0
10.556058402 138.832728745 0
5.293154907 16.754824599 0
12.714571445 27.661607611 0
12.878516057 55.297862576 0
4.147923622 4.210974307 0
3.841287457 7.627482586 0
4.703264136 -0.514324716 0
4.707975898 -0.765184799 0
13.696151450 -6.490621584 0
13.698165108 -9.735555558 0
14.820019137 -14.000148237 0
22.000803239 -61.616066332 0
0 0 1 X 1
113.083225 1.0
0 0 1 X 1
44.702004 1.0
0 0 1 X 1
16.203128 1.0
0 0 1 X 1
7.132736 1.0
0 0 1 X 1
3.108308 1.0
0 0 1 X 1
1.044560 1.0
0 0 1 X 1
0.413804 1.0
0 0 1 X 1
0.213452 1.0
0 0 1 X 1
0.069719 1.0
0 0 1 X 1
0.030388 1.0
0 0 1 X 1
0.017800 1.0
0 0 1 X 1
0.006980 1.0
0 2 1 X 1
87.340764 1.0
0 2 1 X 1
38.552272 1.0
0 2 1 X 1
17.862285 1.0
0 2 1 X 1
8.495712 1.0
0 2 1 X 1
4.112383 1.0
0 2 1 X 1
1.911477 1.0
0 2 1 X 1
0.890658 1.0
0 2 1 X 1
0.406580 1.0
0 2 1 X 1
0.170604 1.0
0 2 1 X 1
0.067970 1.0
0 2 1 X 1
0.029681 1.0
0 2 1 X 1
0.014621 1.0
0 3 1 X 1
3.108308 1.0
0 3 1 X 1
1.04456 1.0
0 3 1 X 1
0.413804 1.0
0 3 1 X 1
0.213452 1.0
0 3 1 X 1
0.069719 1.0
0 3 1 X 1
0.030388 1.0
0 3 1 X 1
0.0178 1.0
