221 4
INPUT
11. 0 2 2 2 0 0
11.500000 139.523747 0
5.184000 15.550152 0
10.930000 83.160470 0
4.581000 8.651590 0
13.470000 -16.145843 0
4.375000 -0.525653 0
0 0 8 2 1
10.0092600 0.390979
8.4707620 -0.461250
4.1791160 -0.296668
1.0692080 0.709216
0.4412480 0.514163
0.0644320 0.012137
0.0272000 -0.006116
0.0100000 0.001590
0 0 8 2 1
10.0092600 0.104523
8.4707620 -0.124838
4.1791160 -0.083030
1.0692080 0.245728
0.4412480 0.294868
0.0644320 -0.819302
0.0272000 -0.296076
0.0100000 -0.033534
0 2 7 6 1
41.7118460 0.002358
6.0260150 -0.110892
2.7159950 0.178584
1.0569140 0.613052
0.3769410 0.368410
0.0741610 0.010474
0.0238050 -0.000750
0 3 6 1 1
16.2735480 0.031091
4.8000490 0.148602
1.5412930 0.375485
0.4681800 0.521963
0.1227990 0.287952
0.0400000 -0.002840