222 4
INPUT
12. 0 2 2 2 0 0
13.010000 159.469950 0
5.862000 18.427800 0
12.460000 96.143072 0
5.217000 10.164515 0
15.350000 -17.419684 0
4.980000 -0.606920 0
0 0 8 2 1
10.7803650 0.714085
9.7170130 -0.805220
4.5077550 -0.288819
1.2467080 0.702675
0.5087070 0.532421
0.0734380 0.012860
0.0300480 -0.006106
0.0100000 0.001502
0 0 8 2 1
10.7803650 0.189496
9.7170130 -0.215506
4.5077550 -0.078811
1.2467080 0.235656
0.5087070 0.297121
0.0734380 -0.774447
0.0300480 -0.347909
0.0100000 -0.024579
0 2 7 6 1
17.5663810 0.009024
7.7058440 -0.107165
3.3291380 0.130400
1.3081040 0.613345
0.4544820 0.404028
0.0717720 0.012965
0.0237840 -0.002707
0 3 6 2 1
19.5191940 0.031240
5.8646130 0.150375
1.9280380 0.376797
0.6065630 0.515943
0.1639610 0.277509
0.0500000 0.000161