223 4
INPUT
13. 0 2 2 2 0 0
14.490000 179.975131 0
6.524000 20.967279 0
14.300000 110.695103 0
6.021000 12.735380 0
17.480000 -18.760119 0
5.709000 -0.721823 0
0 0 8 2 1
12.8432080 0.460448
11.3757530 -0.495309
5.4069740 -0.350821
1.4659270 0.654979
0.5980800 0.582548
0.0887900 0.017081
0.0353180 -0.007455
0.0100000 0.001654
0 0 8 2 1
12.8432080 0.126932
11.3757530 -0.139770
5.4069740 -0.089862
1.4659270 0.204669
0.5980800 0.321169
0.0887900 -0.657043
0.0353180 -0.474893
0.0100000 -0.017222
0 2 7 6 1
31.8898680 0.004658
8.2371780 -0.119249
4.3283730 0.125195
1.5405260 0.620704
0.5280810 0.416780
0.0899620 0.014015
0.0263930 -0.002298
0 3 6 3 1
22.6804330 0.031628
6.8613120 0.153807
2.2754450 0.378661
0.7319220 0.507276
0.2007460 0.275921
0.0600000 0.002804