224 4
INPUT
14. 0 2 2 2 0 0
16.390000 203.163873 0
7.402000 25.757198 0
16.450000 126.490042 0
6.962000 16.721504 0
19.930000 -20.201922 0
6.598000 -0.939333 0
0 0 8 2 1
14.0534500 0.366143
11.7352180 -0.434215
5.9049150 -0.312506
1.6346650 0.642818
0.6629310 0.587659
0.0978000 0.025017
0.0377050 -0.010990
0.0100000 0.002541
0 0 8 1 1
14.0534500 0.097390
11.7352180 -0.119692
5.9049150 -0.072495
1.6346650 0.187059
0.6629310 0.301339
0.0978000 -0.529491
0.0377050 -0.590942
0.0100000 -0.016737
0 2 7 6 1
51.3176640 0.003111
9.3214980 -0.102166
3.7411210 0.183181
1.5102140 0.603939
0.5379560 0.363742
0.0934080 0.016105
0.0266450 -0.003281
0 3 6 5 1
26.7814390 0.027618
8.2316400 0.135255
2.7816450 0.337999
0.9036780 0.477448
0.2492580 0.355649
0.0700000 0.061529