225 4
INPUT
15. 0 2 2 2 0 0
18.520000 228.350222 0
8.373000 32.302067 0
18.920000 143.986607 0
8.017000 21.888289 0
22.720000 -21.723501 0
7.640000 -1.345104 0
0 0 8 2 1
15.5640010 0.457686
13.2869280 -0.549011
6.1372810 -0.300366
1.7659830 0.702202
0.7137740 0.542238
0.0983280 0.015208
0.0370970 -0.006975
0.0100000 0.001643
0 0 8 2 1
15.5640010 0.116102
13.2869280 -0.141557
6.1372810 -0.074871
1.7659830 0.215021
0.7137740 0.283771
0.0983280 -0.699620
0.0370970 -0.428039
0.0100000 -0.011663
0 2 7 6 1
27.4320610 0.008234
11.3668730 -0.100423
4.4525400 0.130334
1.8534590 0.610545
0.6451800 0.399243
0.1030440 0.013423
0.0282960 -0.002531
0 3 6 5 1
29.5142230 0.032814
8.9628240 0.159967
3.0279670 0.384469
0.9832920 0.501554
0.2703250 0.265721
0.0700000 0.005709