226 9
INPUT
16. 0 2 2 2 0 0
 20.930000  253.749588 0
 9.445000   37.922845 0
 21.760000  161.036812 0
 9.178000   27.651298 0
 25.900000  -24.431276 0
 8.835000   -1.434251 0
0 0 4   2.0  1.0
 21.260689507    0.120957261
 9.627214270    -0.494094979
 4.879968886    -0.194538952
 2.217082868    0.749492
0 0 1   2.0  1.0
 1.007113554     1.0
0 0 1   0.0  1.0
 0.404290735     1.0
0 2 4   6.0  1.0
 52.094514549    0.005400563
 12.935765586    -0.110322212
 3.463906999    0.393569421
 1.659594423    0.620533
0 2 1   0.0  1.0
 0.780389923     1.0
0 2 1   0.0  1.0
 0.344346105     1.0
0 3 4   6.0  1.0
 50.875896367   0.017197143
 16.437462399   0.107748857
 6.062923129   0.309828055
 2.349843474   0.496742
0 3 1   0.0  1.0
 0.875470971     1.0
0 3 1   0.0  1.0
 0.270016404      1.0