227 <here, the number of valence-basis shells is needed>
INPUT
17. 0 2 2 2 0 0
23.660000 283.960566 0
10.610000 47.156846 0
25.040000 182.212236 0
10.440000 35.233352 0
29.540000 -26.475333 0
10.180000 -1.825787 0
0 0 8 X 1
20.9080010 0.167451
13.9062340 -0.281997
7.3285430 -0.280224
2.1363240 0.715242
0.8528220 0.532748
0.1066920 0.012675
0.0393460 -0.005790
0.0100000 0.001341
0 0 8 X 1
20.9080010 0.039834
13.9062340 -0.069081
7.3285430 -0.070188
2.1363240 0.219341
0.8528220 0.258112
0.1066920 -0.755227
0.0393460 -0.360629
0.0100000 -0.013879
0 2 7 X 1
67.0344430 0.003112
13.2623340 -0.102602
5.6906500 0.133761
2.2719400 0.620467
0.7889110 0.392417
0.1183550 0.013505
0.0305940 -0.002795
0 3 6 X 1
36.8405200 0.033284
11.1736750 0.163405
3.7975640 0.383611
1.2392620 0.489679
0.3394000 0.278154
0.0900000 0.013718
