228 4
INPUT
18. 0 2 2 2 0 0
26.740000 319.348892 0
11.860000 62.508143 0
28.800000 209.588481 0
11.790000 44.922871 0
33.700000 -26.724426 0
11.660000 -2.573496 0
0 0 8 2 1
23.4579910 0.144922
14.8693920 -0.259238
8.0541540 -0.279152
2.3198240 0.717937
0.9234620 0.528739
0.1099550 0.012368
0.0401340 -0.005792
0.0100000 0.001355
0 0 8 2 1
23.4579910 -0.033387
14.8693920 0.061487
8.0541540 0.068855
2.3198240 -0.215657
0.9234620 -0.248201
0.1099550 0.773096
0.0401340 0.337142
0.0100000 0.014617
0 2 7 6 1
78.0387800 0.002769
14.7744400 -0.114551
6.1513520 0.150015
2.4964210 0.618121
0.8667020 0.385561
0.1264990 0.012149
0.0317840 -0.002450
0 3 6 7 1
40.7890480 0.030982
12.3476010 0.167750
4.2070490 0.387348
1.3754130 0.483627
0.3761470 0.278278
0.0900000 0.016555