229 4
INPUT
19. 0 2 4 4 2 0
30.110543 355.750512 0
13.076310 70.930906 0
32.692614 77.969931 0
32.770339 155.927448 0
13.751067 18.021132 0
13.322166 36.094372 0
38.996511 -12.343410 0
39.539788 -18.273362 0
12.287511 -0.984705 0
11.459300 -1.318747 0
6.190102 -0.227264 0
8.118780 -0.468773 0
0 0 10 2 1
0.19463500E+04 0.000173
0.27794500E+03 0.000951
0.60010800E+02 -0.013824
0.37513800E+02 0.066357
0.10968800E+02 -0.412928
0.23353600E+01 0.725593
0.97758000E+00 0.478409
0.18588700E+00 0.033134
0.94851000E-01 -0.019174
0.40363000E-01 0.004866
0 0 10 1 1
0.19463500E+04 -0.000039
0.27794500E+03 -0.000141
0.60010800E+02 0.001752
0.37513800E+02 -0.011287
0.10968800E+02 0.082988
0.23353600E+01 -0.173626
0.97758000E+00 -0.218073
0.18588700E+00 0.094190
0.94851000E-01 0.514467
0.40363000E-01 0.498823
0 2 9 6 1
0.39502500E+03 0.000205
0.64780800E+02 0.003859
0.17833500E+02 -0.082821
0.43595800E+01 0.345110
0.20181600E+01 0.482921
0.90231200E+00 0.276463
0.31229000E+00 0.037429
0.11568000E+00 -0.004210
0.41745000E-01 0.001469
0 3 8 10 1
0.13406800E+03 0.002897
0.42240700E+02 0.026701
0.16546700E+02 0.097834
0.70122700E+01 0.226551
0.30244600E+01 0.331587
0.12646100E+01 0.340129
0.49623800E+00 0.257563
0.17313400E+00 0.115207
