230 4
INPUT
20. 0 2 4 4 2 0
34.174001 399.986399 0
14.456371 85.489750 0
39.888683 92.381077 0
39.655017 184.771176 0
15.290546 23.002541 0
14.903524 46.057427 0
43.708296 -13.690734 0
43.698536 -20.543980 0
15.150718 -1.316154 0
15.282441 -1.838715 0
8.160014 -0.370360 0
12.228422 -1.062943 0
0 0 10 2 1
0.22034100E+04 0.000150
0.31558200E+03 0.000830
0.66455600E+02 -0.013200
0.41666600E+02 0.063087
0.11832800E+02 -0.414725
0.25399600E+01 0.738778
0.10595000E+01 0.471888
0.19975100E+00 0.023384
0.10163000E+00 -0.012700
0.42566000E-01 0.002944
0 0 10 2 1
0.22034100E+04 -0.000038
0.31558200E+03 -0.000149
0.66455600E+02 0.002103
0.41666600E+02 -0.012692
0.11832800E+02 0.097110
0.25399600E+01 -0.211814
0.10595000E+01 -0.247313
0.19975100E+00 0.257974
0.10163000E+00 0.540567
0.42566000E-01 0.341564
0 2 9 6 1
0.55825100E+03 0.000128
0.87550100E+02 0.002505
0.19674400E+02 -0.079992
0.46596900E+01 0.361882
0.21399800E+01 0.489415
0.95343700E+00 0.256911
0.32465500E+00 0.027670
0.11934800E+00 -0.003017
0.42836000E-01 0.001058
0 3 8 10 1
0.16257300E+03 0.002507
0.50850000E+02 0.024137
0.20167900E+02 0.090571
0.86009500E+01 0.217033
0.37610800E+01 0.332146
0.16056100E+01 0.350478
0.64900600E+00 0.256223
0.23595500E+00 0.096042
