231 13
INPUT
21. 0 2 4 6 2 0
25.880361 370.273040 0
7.901295 9.190615 0
45.149190 99.144001 0
44.979981 198.295512 0
17.224251 28.445653 0
16.747329 56.949705 0
51.968812 -18.168797 0
51.629117 -27.380273 0
15.241738 -1.587022 0
15.320193 -2.516292 0
4.918589 0.083166 0
4.755103 0.202198 0
10.762263 -0.616990 0
19.852939 -3.138584 0
0 0 10 2 1
11929.2 0.000064
1783.70 0.000473
378.467 0.002055
29.6623 0.120290
14.2332 -0.463392
2.68739 0.744384
1.15096 0.450596
0.256164 0.020785
0.122874 -0.009249
0.053468 0.002291
0 0 10 2 1
11929.2 -0.000018
1783.70 -0.000123
378.467 -0.000610
29.6623 -0.031264
14.2332 0.126869
2.68739 -0.257857
1.15096 -0.286726
0.256164 0.356828
0.122874 0.571150
0.053468 0.245237
0 0 1 0 1
0.256164 1
0 0 1 0 1
0.122874 1
0 0 1 0 1
0.053468 1
0 2 9 6 1
648.311 0.000117
103.324 0.002102
21.0066 -0.081044
5.03412 0.371433
2.29458 0.501425
1.01078 0.240806
0.326569 0.018440
0.117329 -0.002056
0.041273 0.000711
0 2 9 1 1
648.311 -0.000025
103.324 -0.000313
21.0066 0.014067
5.03412 -0.072662
2.29458 -0.103072
1.01078 -0.049176
0.326569 0.225329
0.117329 0.551737
0.041273 0.379164
0 2 1 0 1
0.3095 1
0 2 1 0 1
0.0458 1
0 3 8 10 1
197.818 0.002208
61.9417 0.022023
24.7533 0.082915
10.6163 0.205399
4.68831 0.327835
2.03904 0.358575
0.849124 0.260599
0.320558 0.088355
0 3 1 0 1
0.320558 1
0 3 1 0 1
0.1102 1
0 4 1 0 1
0.3015 1.0
