232 5
INPUT
22. 0 2 4 6 2 0
27.242225 370.236090 0
7.467948 9.214629 0
45.567991 99.135034 0
45.517505 198.271454 0
18.245769 28.388121 0
17.651078 56.803471 0
52.760598 -17.967085 0
53.136663 -26.815539 0
14.564079 -1.383893 0
12.631857 -2.072663 0
3.923042 0.080334 0
3.738774 0.238529 0
11.407378 -0.705680 0
18.429054 -2.475951 0
0 0 10 2 1
10120.4 -0.000129
1521.46 -0.000923
334.411 -0.003500
33.6778 -0.103546
15.1690 0.438450
2.93783 -0.727989
1.29234 -0.460738
0.330453 -0.023841
0.158780 0.008746
0.068773 -0.002081
0 0 10 2 1
10120.4 -0.000042
1521.46 -0.000277
334.411 -0.001173
33.6778 -0.029977
15.1690 0.134487
2.93783 -0.287499
1.29234 -0.323472
0.330453 0.358485
0.158780 0.600207
0.068773 0.240636
0 2 11 6 1
587.522 -0.000176
99.9014 -0.002703
22.5574 0.082009
5.54421 -0.362849
2.56890 -0.502166
1.15745 -0.243957
0.396752 0.001425
0.151667 0.002155
0.056046 0.003285
0.4151 -0.021529
0.0650 -0.004427
0 2 11 2 1
587.522 0.000046
99.9014 0.000488
22.5574 -0.017277
5.54421 0.086960
2.56890 0.127971
1.15745 0.058553
0.396752 -0.313944
0.151667 -0.558947
0.056046 -0.307028
0.4151 0.039477
0.0650 -0.013580
0 3 9 10 1
229.986 0.001951
71.1546 0.019937
28.7796 0.078170
12.4128 0.200117
5.54230 0.326475
2.44620 0.362849
1.04201 0.260758
0.402906 0.079231
0.1441 0.002345
