233 5
INPUT
23. 0 2 4 6 2 0
28.725122 370.114025 0
6.767681 9.349296 0
45.331064 99.142103 0
44.767415 198.307880 0
19.539090 28.383073 0
18.973471 56.871464 0
51.057152 -18.485145 0
50.151340 -28.113530 0
16.108936 -1.223895 0
14.672223 -1.345765 0
3.851927 0.101757 0
3.813502 0.170338 0
11.940584 -0.775230 0
17.761160 -2.157259 0
0 0 10 2 1
9230.12 0.000245
1390.34 0.001717
310.185 0.005989
38.6242 0.090466
16.2883 -0.411197
3.20901 0.704419
1.44792 0.473550
0.419217 0.028388
0.201024 -0.008259
0.086236 0.001917
0 0 10 2 1
9230.12 -0.000087
1390.34 -0.000580
310.185 -0.002216
38.6242 -0.028584
16.2883 0.137912
3.20901 -0.309591
1.44792 -0.356445
0.419217 0.338387
0.201024 0.633064
0.086236 0.251602
0 2 11 6 1
512.552 0.000270
89.8115 0.003974
23.9471 -0.087217
6.13545 0.351099
2.89098 0.504191
1.32767 0.251468
0.481044 0.015239
0.190208 -0.002676
0.072008 -0.003033
0.5297 0.006998
0.0855 0.004259
0 2 11 3 1
512.552 -0.000078
89.8115 -0.000823
23.9471 0.020830
6.13545 -0.096193
2.89098 -0.147064
1.32767 -0.070397
0.481044 0.308121
0.190208 0.566253
0.072008 0.283380
0.5297 -0.008782
0.0855 0.007937
0 3 9 10 1
265.444 0.001782
81.3734 0.018508
33.3956 0.076117
14.4107 0.193645
6.47032 0.324682
2.88582 0.367689
1.24919 0.261181
0.490426 0.074614
0.1798 0.002034
