234 9
INPUT
24. 0 2 4 6 2 0
 30.046990 370.122888 0
 6.918688 10.456168 0
 45.773014 99.135059 0
 45.294642 198.292483 0
 20.739648 28.338747 0
 20.028601 56.749747 0
 50.941768 -18.526556 0
 49.594740 -28.334921 0
 16.323522 -0.696089 0
 14.465196 -1.167891 0
 3.775330 0.041443 0
 3.501953 0.235583 0
 11.950867 -0.766262 0
 17.810780 -2.102742 0
0 0 6 2. 1.
       2609.72040         0.182900000E-02
       391.522800         0.970600000E-02
       48.2893000         0.716060000E-01
       16.8019000        -0.383980000
       3.51490000         0.691926000
       1.58940000         0.491893000
0 0 6 2. 1.
       2609.72040        -0.694000000E-03
       391.522800        -0.386600000E-02
       48.2893000        -0.248390000E-01
       16.8019000         0.140207000
       3.51490000        -0.342280000
       1.58940000        -0.364598000
0 0 1 0. 1.
      0.383000000          1.00000000
0 0 1 0. 1.
      0.139900000          1.00000000
0 2 6 6. 1.
       100.019200         0.476100000E-02
       25.8909000        -0.848990000E-01
       6.20930000         0.428655000
       2.66130000         0.543060000
       1.09290000         0.149283000
      0.359700000         0.107100000E-02
0 2 6 4. 1.
       100.019200        -0.105800000E-02
       25.8909000         0.217090000E-01
       6.20930000        -0.126243000
       2.66130000        -0.193545000
       1.09290000         0.473730000E-01
      0.359700000         0.591806000
0 2 1 0. 1.
      0.113700000          1.00000000
0 3 6 10. 1.
       128.508000         0.110110000E-01
       41.5212000         0.778560000E-01
       15.5182000         0.232819000
       6.16082000         0.401788000
       2.41134000         0.408946000
      0.871936000         0.168093000
0 3 1 0. 1.
      0.365600000          1.00000000
