252 8
INPUT
6. 0 2 4 2 2 0
2.656483 50.217674 0
2.281974 1.982941 0
2.946988 39.938015 0
2.790001 79.873384 0
1.750168 -0.651126 0
1.909579 -1.288332 0
1.107233 5.059096 0
1.084059 7.498701 0
1.992613 -7.997183 0
1.968281 -10.464938 0
0 0 3 2 1
4.620870 -0.076259
3.407086 0.222163
1.353795 -0.541514
0 0 1 0 1
0.278218 1.0
0 0 1 0 1
0.128403 1.0
0 0 1 0 1
0.060012 1.0
0 2 3 4 1
4.772823 -0.038412
3.508559 0.112992
1.653984 -0.229605
0 2 1 0 1
0.326880 1.0
0 2 1 0 1
0.139746 1.0
0 2 1 0 1
0.057761 1.0
