256 9
INPUT
10. 0 2 2 2 1 0
9.526986 427.845816 0
4.487510 204.417530 0
8.315930 293.605864 0
4.292217 294.193316 0
5.916108 112.550402 0
2.874842 181.782621 0
3.589465 -33.473174 0
0 0 3 2. 1.
       2.39619000         -5.92889500
       2.24330500          6.64693400
      0.717402000        -0.551437000
0 0 1 2. 1.
      0.278446000          1.00000000
0 0 1 0. 1.
      0.120000000          1.00000000
0 2 3 6. 1.
       2.92674200         0.763359000
       2.52071800         -1.02201400
      0.524095000         0.649836000
0 2 1 0. 1.
      0.203428000          1.00000000
0 2 1 0. 1.
      0.120000000          1.00000000
0 3 3 0. 1.
      0.966315000        -0.908938000
      0.893828000         0.947240000
      0.273195000         0.322057000
0 3 1 0. 1.
      0.120000000          1.00000000
0 4 1 0. 1.
      0.697000000          1.00000000