273 4 
INPUT 
5. 6 6 5 6 0 0
 438.9654138      -0.1418323  -2 
 112.8894389     -44.6105104  -1 
  39.0300509    -230.6825998   0 
  10.5663985    -100.8703657   0 
   3.1450008     -24.4967372   0 
   0.9962317      -3.9862338   0 
  88.7976994       2.7695489  -2 
  29.9605388      63.8012063  -1 
  10.1122075     154.0916202   0 
   2.9034296      42.8001245   0 
   0.6314816      18.2668021   0 
   0.5171641      -7.6317151   0 
  82.8488496       1.9022608  -2 
  26.2097320      55.8292082  -1 
   8.2687456     121.9975284   0 
   2.1411005      28.5395818   0 
   0.5300236       7.5403200   0 
  80.2483832       2.9426083  -2 
  28.8958219      52.5314003  -1 
  10.2668935     127.4437340   0 
   2.7589509      39.0662845   0 
   1.6942558      -4.8954047   0 
   0.3198755      -0.2876030   0 
0  1  1  2.  1. 
      0.5942   1.00000  1.00000 
0  1  1  0.  1. 
      0.200     1.        1. 
0  3  3  3.  1. 
     21.3176  -0.0138 
      1.2386    2.8724 
      0.4222    4.3807 
0  3  1  0.  1. 
      0.2060       1.00000