276 8
INPUT
16. 0 2 2 2 1 0
 13.875754 885.405719 0
 6.937877 25.967040 0
 10.193793 320.083902 0
 5.096896 26.148765 0
 7.099238 115.044843 0
 3.549619 13.622575 0
 2.767075 18.909457 0
0 0 3 2.0 1.0
 15.2867360 -1.0664147
 12.7006380 1.8430761
 5.6872950 -1.7059002
0  0  1  2.0  1.0
 1.1180870 1.0
0  0  1  0.0  1.0
 0.5207330 1.0
0 2 2 6.0 1.0
 7.9362790 1.4190452
 6.3036410 -2.3624495
0 2 2 0.0 1.0
 1.9703230 0.2064020
 1.0205470 0.8142959
0 2 1 0.0 1.0
 0.4005930 1.0
0 3 4 6.0 1.0
 3.5808150 -0.4670808
 3.1961650 0.4794806
 1.1058250 0.4649147
 0.4360320 0.5893576
0 4 1 0.0 1.0
 1.0670000 1.0