277 7
INPUT
17. 5 6 5 5 5 0
 823.5880147             -0.1578014 -1
 364.6613336          -1517.5270446  0
  55.7082801           -316.5306529  0
  12.0464544            -91.8880941  0
   3.5120610             -9.2241773  0
 188.0490770              3.1578014 -2
 340.4194712             26.8322577 -1
 128.2373673            800.4250007  0
  33.8644961            369.4050683  0
   4.7560005            242.4171899  0
   3.9649974           -118.2173282  0
 289.7291139              2.1578014 -2
  87.4633789             61.9678610 -1
  30.4363766            269.0581986  0
   4.0553412            231.1654793  0
   3.5525341           -133.6952667  0
 136.4017106              3.1578014 -2
  95.0776925             45.9349803 -1
  49.2258410            359.0344668  0
  15.0874145            176.4740119  0
   4.0405764             54.5155286  0
 127.3507908              3.9546197 -2
  66.2364374             52.9773655 -1
  34.4299229            274.8643383  0
  10.1995721            137.2047338  0
   2.5409702             14.8633305  0
0 0 3 2. 1.
      2.3500000             -1.6784642
      1.5820000              2.0952553
      0.5018000              0.4162934
0 0 4 2. 1.
      2.3500000              1.6464467
      1.5820000             -2.2748150
      0.5018000             -1.0494357
      0.2500000              1.2167791
0 0 1 0. 1.
      0.1200000              1.0000000
0 2 3 6. 1.
      2.7920000             -0.3889212
      1.5410000              0.9077516
      0.5285000              0.4691443
0 2 2 0. 1.
      0.5100000             -0.1170669
      0.1750000              1.0489002
0 3 2 7. 1.
      1.2715516              0.5087022
      0.4965968              0.5862102
0 3 1 0. 1.
      0.1500000              1.0000000