278 5
INPUT
18. 1 3 3 2 0 0
 3.90813   -9.79854    -1
 1.36279    5.79843    -2
 3.34227 -187.51594     0
 3.91136  247.96906     0
 1.07586    3.67055    -2
 2.80443  -93.02055     0
 3.52491  151.55915     0
42.63116   13.09353    -2
 4.74468   80.29385     0
0 1 4 8.0 1.00
 6.653000    0.282256    0.036575
 3.995000   -1.075967   -0.284606
 1.541000    1.131255    0.752346
 0.559900    0.478241    0.476585
0 1 1 1.0 1.00
 1.200000    1.000000    1.000000
0 1 1 1.0 1.00
 0.127700    1.000000    1.000000
0 3 3 9.0 1.00
 4.658000   -0.026327
 1.487000    0.495995
 0.609300    0.594877
0 3 1 0.0 1.00
 0.252700    1.000000