279 7
INPUT
19. 5 6 4 5 0 0
622.6287956    -60.0000000  -1
136.2843607   -555.5292312   0
 33.1549781   -168.0019785   0
  9.9894895    -63.0399875   0
  3.0481312     -4.2516681   0
194.7374304      3.0000000  -2
351.5327447     38.6020880  -1
122.3270402    864.8370727   0
 32.0914617    374.9935520   0
  5.2451812    289.7910100   0
  4.4916223   -152.4532773   0
420.6158801      2.0000000  -2
109.4417815     73.8885625  -1
 34.1714280    326.6729872   0
  5.9879750    126.5814591   0
219.2666158      3.0000000  -2
122.7297786     55.6793149  -1
 63.1063369    449.1987335   0
 18.3684520    215.0269091   0
  4.4972844     64.0840995   0
0 0 4  2.  1.
   2.8090  -1.203037
   1.5950   1.675385
   0.5327   0.352918
   0.2826  -0.001158
0 2 3  6. 1.
  3.6840   -0.278885
  1.6660    0.777981
  0.5989   0.478106
0 0 4  1.  1.
   2.8090   0.473068
   1.5950  -0.759732
   0.5327  -0.422037
   0.2826   0.53240
0 0 1  0. 1
   0.14   1.0
0 2 1  0. 1
   0.22   1.0
0 3 2  10.  1.
   1.2870     0.535907
   0.4335     0.485830
0 3 1 0.  1.
   0.25   1.