281 6
INPUT
13. 6 5 6 6 6 0 0
373.9710783  -0.1746222 -2
 99.0222044 -24.5858057 -1
 17.6844640 -28.5214719 -1
  8.6281221 -47.9977348 0
  3.0353877 -13.1733337 0
  1.1191950  -1.1972529 0
169.8812365   2.7960747 -2
 58.2434958  74.9062731 -1
 21.7281484 264.3323823 0
  6.6359251 102.3427683 0
  1.4615973  30.3054582 0
248.9438809   1.9719244 -2
 84.6601414  71.0368448 -1
 33.9674109 286.7645766 0
 11.5239104 141.4003647 0
  3.5354358  45.0490130 0
  0.9812915  16.4655317 0
 86.2036829   3.0725115 -2
 76.0280558  43.1809603 -1
 26.2846764 302.7696484 0
  3.3191097 116.3041971 0
  2.7009368 -59.3066449 0
  0.5492105  -.2462594  0
115.9461675   3.9888161 -2
 43.7443988  54.4481186 -1
 46.4937231  89.8756016 0
 13.2848999 187.3744788 0
  2.5347097  15.3552927 0
  0.7670500  -0.6439303 0
0 0 3  2.  1.
 0.535500   -0.8008350
 0.3082000   0.9220130
 0.08500  0.7480820
0 2 3  1.  1.
 0.7977000  -0.0690671
 0.1498000   0.5109710
 0.08500     0.6114320
0 3 3  10.  1.
 8.655000  0.0156029
 1.415000  0.6226510
 0.444200  0.4994810
0 0 1 0. 1
   0.15   1.0
0 2 1 0. 1
   0.15   1.0
0 3 1 0. 1
   0.25   1.0