282 6
INPUT
22. 0 2 4 4 2 0
 12.296303 281.285499 0
 8.632634 62.520217 0
 10.241790 72.276897 0
 8.924176 144.591083 0
 6.581342 4.758693 0
 6.255403 9.940621 0
 7.754336 35.848507 0
 7.720281 53.724342 0
 4.970264 10.115256 0
 4.563789 14.833731 0
 3.887512 12.209892 0
 3.811963 16.190291 0
0 1 6 8. 1.
 8.55351735988 3.88475299531 3.13503035185
 7.35277444701 -5.11944720447 -4.65435922478
 2.95283552202 0.359342355194 1.34852524939
 1.43101525276 2.0148141461 3.23612718594
 0.659101026799 0.477751455641 1.35196984634
 0.220157140772 -0.029791382408 0.0649906557872
0 3 5 10. 1
 11.1394028684 0.299749731795
 7.57317950313 -0.908307739883
 2.21243848295 3.44990840575
 1.0927431021 5.08865830004
 0.517878712738 3.46485836421
0 1 1 4. 1.
 1.3477254751 1. 1.
0 1 1 0. 1.
 0.468564902512 1. 1.
0 1 1 0. 1.
 0.16295094818 1. 1.
0 3 1 0. 1.
 0.235136505774 1.
