283 10
INPUT
23. 0 2 4 4 2 2
13.043090 283.264227 0
 8.221682  62.471959 0
10.467777  72.001499 0
 9.118901 144.002277 0
 6.754791   5.007945 0
 6.252592   9.991550 0
 8.081474  36.396259 0
 7.890595  54.597664 0
 4.955556   9.984294 0
 4.704559  14.981485 0
 4.214546  13.713383 0
 4.133400  18.194308 0
 6.205709 -10.247443 0
 6.227782 -12.955710 0
0 0 4  2.0  1.
 39.591887390    0.024348865
 23.850320013    -0.199547887
 15.258171924    0.546090
 6.998651071    -0.874929634
0 0 4  2.0  1.
 9.443573268    0.031000642
 5.880514498    -0.225962949
 1.836879895    0.908924
 0.965752700    0.501350163
0 0 1  0.0  1.
 0.300010454        1.0
0 0 1  0.0  1.
 0.108980371       1.0
0 2 4  6.0  1.
 10.735903661     -0.058659373
 7.471032027     0.139083
 2.093017780     -0.196743961
 0.953500458     -0.153805526
0 2 1  3.0  1.
 0.258082627  1.0
0 2 1  0.0  1.
 0.078070203    1.0
0 3 4 10.0  1.
 16.646819570   0.007825015
 7.017131289   -0.068321586
 2.349573912   0.339864061
 1.143638506   0.485831
0 3 1  0.0  1.
 0.550606377   1.0
0 3 1  0.0  1
 0.255789767   1.0
