284 9
INPUT
24. 0 2 4 4 4 2
13.277227 283.244706 0
8.399518 62.396461 0
10.665682 71.991716 0
9.283753 143.971871 0
6.872749 4.949615 0
6.326150 9.740499 0
8.214866 36.378383 0
8.008696 54.562715 0
5.055227 9.889499 0
4.782553 14.693877 0
5.013270 17.428295 0
4.984640 23.380353 0
1.326760 0.163392 0
1.528758 0.324566 0
6.771526 -11.563294 0
6.777925 -14.509788 0
0 0 8 2 1
295.390 0.001383
21.2683 -0.105061
13.3379 0.591425
7.36521 -1.115697
1.78920 1.019162
0.884994 0.379879
0.285787 0.010781
0.109324 -0.001144
0 0 8 2 1
295.390 0.000683
21.2683 -0.038573
13.3379 0.251958
7.36521 -0.533016
1.78920 0.766901
0.884994 0.281878
0.285787 -0.839477
0.109324 -0.479272
0 0 1 0 1
0.285787 1
0 0 1 0 1
0.109324 1
0 2 6 6 1
11.5069 0.166364
7.72991 -0.427235
2.11894 0.696964
0.955323 0.471359
0.268352 0.029987
0.088494 -0.003487
0 2 6 4 1
11.5069 -0.055910
7.72991 0.151123
2.11894 -0.326160
0.955323 -0.161409
0.268352 0.601615
0.088494 0.555972
0 2 1 0 1
0.088494 1
0 3 6 10 1
18.7130 0.006694
7.05708 -0.067104
2.55062 0.325798
1.25069 0.495763
0.574256 0.293106
0.2330 0.054162
0 3 1 0 1
0.2330 1
